63,49
63,48
63,47
63,46
63,45
63,44
63,43
63,42
63,41
63,40
63,39
63,38
63,37
63,36
63,35
3,1
3,3
10,288
10,263
10,152
10,196
10,194
10,113
10,255
10,4
9,5
9,1
9,7
9,2
9,3
8,17
8,10
8,13
8,5
8,6
12,3
12,2
12,1
11,30
11,29
11,28
11,27
11,26
11,25
11,24
11,23
11,22
11,21
11,20
11,19
11,18
11,17
11,16
11,15
11,14
11,13
11,12
11,11
11,10
11,9
20,2
20,1
20,3
11,8
11,7
19,2
19,1
19,3
11,6
11,5
11,4
11,3
11,2
11,1
10,312
10,307
10,305
10,304
10,291
10,290
10,286
10,281
10,280
10,279
10,278
10,277
10,274
10,273
10,271
10,270
10,269
10,268
10,264
10,259
10,248
10,245
10,240
10,239
