3,1
3,3
10,234
10,227
10,25
10,175
10,281
10,280
10,304
9,7
9,2
9,3
8,13
8,6
56,4
56,3
56,2
56,1
39,3
39,1
20,3
20,2
20,1
19,3
19,2
19,1
12,3
12,2
12,1
11,30
11,29
11,28
11,27
11,26
11,25
11,24
11,23
11,22
11,21
11,20
11,19
11,18
11,17
11,16
11,15
11,14
11,13
11,12
11,11
11,10
11,9
11,8
11,7
11,6
11,5
11,4
11,3
11,2
11,1
10,312
10,307
10,305
10,291
10,279
10,278
10,277
10,274
10,273
10,271
10,270
10,269
10,264
10,259
10,245
10,240
10,239
10,228
10,225
10,216
10,212
10,171
10,168
10,160
10,158
10,156
18,1
18,3
10,147
14,1
14,3
13,1
13,3
10,141
10,137
10,117
10,112
